1
0.995
0.990025
0.985075
0.98015
0.975249
0.970372
0.965521
0.960693
0.95589
0.95111
0.946355
0.941623
0.936915
0.93223
0.927569
0.922931
0.918316
0.913725
0.909156
0.90461
0.900087
0.895587
0.891109
0.886653
0.88222
0.877809
0.87342
0.869053
0.864708
0.860384
0.856082
0.851802
0.847543
0.843305
0.839089
0.834893
0.830719
0.826565
0.822432
0.81832
0.814229
0.810157
0.806107
0.802076
0.798066
0.794075
0.790105
0.786154
0.782224
0.778313
0.774421
0.770549
0.766696
0.762863
0.759048
0.755253
0.751477
0.74772
0.743981
0.740261
0.73656
0.732877
0.729213
0.725566
0.721939
0.718329
0.714737
0.711164
0.707608
0.70407
0.700549
0.697047
0.693561
0.690094
0.686643
0.68321
0.679794
0.676395
0.673013
0.669648
0.6663
0.662968
0.659653
0.656355
0.653073
0.649808
0.646559
0.643326
0.640109
0.636909
0.633724
0.630556
0.627403
0.624266
0.621145
0.618039
0.614949
0.611874
0.608815
0.605771
0.602742
0.599728
0.596729
0.593746
0.590777
0.587823
0.584884
0.581959
0.57905
0.576154
0.573274
0.570407
0.567555
0.564718
0.561894
0.559084
0.556289
0.553508
0.55074
0.547986
0.545246
0.54252
0.539808
0.537109
0.534423
0.531751
0.529092
0.526447
0.523814
0.521195
0.518589
0.515997
0.513417
0.510849
0.508295
0.505754
0.503225
0.500709
0.498205
0.495714
0.493236
0.49077
0.488316
0.485874
0.483445
0.481028
0.478622
0.476229
0.473848
0.471479
0.469122
0.466776
0.464442
0.46212
0.459809
0.45751
0.455223
0.452947
0.450682
0.448428
0.446186
0.443955
0.441736
0.439527
0.437329
0.435143
0.432967
0.430802
0.428648
0.426505
0.424372
0.42225
0.420139
0.418038
0.415948
0.413868
0.411799
0.40974
0.407691
0.405653
0.403625
0.401607
0.399599
0.397601
0.395613
0.393635
0.391666
0.389708
0.38776
0.385821
0.383892
0.381972
0.380062
0.378162
0.376271
0.37439
0.372518
0.370655
0.368802
0.366958
0.365123
0.363298
0.361481
0.359674
0.357875
0.356086
0.354306
0.352534
0.350771
0.349018
0.347272
0.345536
0.343808
0.342089
0.340379
0.338677
0.336984
0.335299
0.333622
0.331954
0.330294
0.328643
0.327
0.325365
0.323738
0.322119
0.320509
0.318906
0.317312
0.315725
0.314146
0.312576
0.311013
0.309458
0.30791
0.306371
0.304839
0.303315
0.301798
0.300289
0.298788
0.297294
0.295807
0.294328
0.292857
0.291392
0.289936
0.288486
0.287043
0.285608
0.28418
0.282759
0.281345
0.279939
0.278539
0.277146
0.275761
0.274382
0.27301
0.271645
0.270287
0.268935
0.267591
0.266253
0.264921
0.263597
0.262279
0.260967
0.259663
0.258364
0.257072
0.255787
0.254508
0.253236
0.251969
0.25071
0.249456
0.248209
0.246968
0.245733
0.244504
0.243282
0.242065
0.240855
0.239651
0.238452
0.23726
0.236074
0.234894
0.233719
0.23255
0.231388
0.230231
0.22908
0.227934
0.226795
0.225661
0.224532
0.22341
0.222293
0.221181
0.220075
0.218975
0.21788
0.216791
0.215707
0.214628
0.213555
0.212487
0.211425
0.210368
0.209316
0.208269
0.207228
0.206192
0.205161
0.204135
0.203114
0.202099
0.201088
0.200083
0.199082
0.198087
0.197096
0.196111
0.19513
0.194155
0.193184
0.192218
0.191257
0.190301
0.189349
0.188402
0.18746
0.186523
0.185591
0.184663
0.183739
0.182821
0.181906
0.180997
0.180092
0.179192
0.178296
0.177404
0.176517
0.175634
0.174756
0.173883
0.173013
0.172148
0.171287
0.170431
0.169579
0.168731
0.167887
0.167048
0.166212
0.165381
0.164555
0.163732
0.162913
0.162099
0.161288
0.160482
0.159679
0.158881
0.158086
0.157296
0.156509
0.155727
0.154948
0.154174
0.153403
0.152636
0.151873
0.151113
0.150358
0.149606
0.148858
0.148113
0.147373
0.146636
0.145903
0.145173
0.144447
0.143725
0.143007
0.142292
0.14158
0.140872
0.140168
0.139467
0.13877
0.138076
0.137386
0.136699
0.136015
0.135335
0.134658
0.133985
0.133315
0.132649
0.131985
0.131325
0.130669
0.130015
0.129365
0.128719
0.128075
0.127435
0.126797
0.126163
0.125533
0.124905
0.12428
0.123659
0.123041
0.122425
0.121813
0.121204
0.120598
0.119995
0.119395
0.118798
0.118204
0.117613
0.117025
0.11644
0.115858
0.115279
0.114702
0.114129
0.113558
0.11299
0.112425
0.111863
0.111304
0.110747
0.110194
0.109643
0.109094
0.108549
0.108006
0.107466
0.106929
0.106394
0.105862
0.105333
0.104806
0.104282
0.103761
0.103242
0.102726
0.102212
0.101701
0.101193
0.100687
0.100183
0.0996823
0.0991839
0.098688
0.0981946
0.0977036
0.0972151
0.096729
0.0962454
0.0957641
0.0952853
0.0948089
0.0943348
0.0938632
0.0933939
0.0929269
0.0924623
0.0919999
0.0915399
0.0910823
0.0906268
0.0901737
0.0897228
0.0892742
0.0888279
0.0883837
0.0879418
0.0875021
0.0870646
0.0866293
0.0861961
0.0857651
0.0853363
0.0849096
0.0844851
0.0840627
0.0836423
0.0832241
0.082808
0.082394
0.081982
0.0815721
0.0811642
0.0807584
0.0803546
0.0799529
0.0795531
0.0791553
0.0787596
0.0783658
0.0779739
0.0775841
0.0771961
0.0768102
0.0764261
0.076044
0.0756638
0.0752854
0.074909
0.0745345
0.0741618
0.073791
0.073422
0.0730549
0.0726897
0.0723262
0.0719646
0.0716048
0.0712467
0.0708905
0.070536
0.0701834
0.0698324
0.0694833
0.0691359
0.0687902
0.0684462
0.068104
0.0677635
0.0674247
0.0670876
0.0667521
0.0664183
0.0660863
0.0657558
0.065427
0.0650999
0.0647744
0.0644505
0.0641283
0.0638076
0.0634886
0.0631712
0.0628553
0.062541
0.0622283
0.0619172
0.0616076
0.0612996
0.0609931
0.0606881
0.0603847
0.0600827
0.0597823
0.0594834
0.059186
0.0588901
0.0585956
0.0583026
0.0580111
0.0577211
0.0574325
0.0571453
0.0568596
0.0565753
0.0562924
0.056011
0.0557309
0.0554522
0.055175
0.0548991
0.0546246
0.0543515
0.0540797
0.0538093
0.0535403
0.0532726
0.0530062
0.0527412
0.0524775
0.0522151
0.051954
0.0516942
0.0514358
0.0511786
0.0509227
0.0506681
0.0504148
0.0501627
0.0499119
0.0496623
0.049414
0.0491669
0.0489211
0.0486765
0.0484331
0.0481909
0.04795
0.0477102
0.0474717
0.0472343
0.0469982
0.0467632
0.0465293
0.0462967
0.0460652
0.0458349
0.0456057
0.0453777
0.0451508
0.044925
0.0447004
0.0444769
0.0442545
0.0440333
0.0438131
0.043594
0.0433761
0.0431592
0.0429434
0.0427287
0.042515
0.0423025
0.0420909
0.0418805
0.0416711
0.0414627
0.0412554
0.0410491
0.0408439
0.0406397
0.0404365
0.0402343
0.0400331
0.039833
0.0396338
0.0394356
0.0392384
0.0390422
0.038847
0.0386528
0.0384595
0.0382672
0.0380759
0.0378855
0.0376961
0.0375076
0.0373201
0.0371335
0.0369478
0.0367631
0.0365793
0.0363964
0.0362144
0.0360333
0.0358531
0.0356739
0.0354955
0.035318
0.0351414
0.0349657
0.0347909
0.0346169
0.0344439
0.0342716
0.0341003
0.0339298
0.0337601
0.0335913
0.0334234
0.0332563
0.03309
0.0329245
0.0327599
0.0325961
0.0324331
0.032271
0.0321096
0.0319491
0.0317893
0.0316304
0.0314722
0.0313148
0.0311583
0.0310025
0.0308475
0.0306932
0.0305398
0.0303871
0.0302351
0.030084
0.0299335
0.0297839
0.029635
0.0294868
0.0293393
0.0291926
0.0290467
0.0289014
0.0287569
0.0286132
0.0284701
0.0283277
0.0281861
0.0280452
0.0279049
0.0277654
0.0276266
0.0274885
0.027351
0.0272143
0.0270782
0.0269428
0.0268081
0.026674
0.0265407
0.026408
0.0262759
0.0261446
0.0260138
0.0258838
0.0257543
0.0256256
0.0254974
0.02537
0.0252431
0.0251169
0.0249913
0.0248664
0.024742
0.0246183
0.0244952
0.0243727
0.0242509
0.0241296
0.024009
0.0238889
0.0237695
0.0236506
0.0235324
0.0234147
0.0232977
0.0231812
0.0230653
0.0229499
0.0228352
0.022721
0.0226074
0.0224944
0.0223819
0.02227
0.0221586
0.0220478
0.0219376
0.0218279
0.0217188
0.0216102
0.0215021
0.0213946
0.0212876
0.0211812
0.0210753
0.0209699
0.0208651
0.0207608
0.0206569
0.0205537
0.0204509
0.0203486
0.0202469
0.0201457
0.0200449
0.0199447
0.019845
0.0197458
0.019647
0.0195488
0.0194511
0.0193538
0.019257
0.0191607
0.0190649
0.0189696
0.0188748
0.0187804
0.0186865
0.0185931
0.0185001
0.0184076
0.0183156
0.018224
0.0181329
0.0180422
0.017952
0.0178622
0.0177729
0.017684
0.0175956
0.0175076
0.0174201
0.017333
0.0172463
0.0171601
0.0170743
0.0169889
0.016904
0.0168195
0.0167354
0.0166517
0.0165684
0.0164856
0.0164032
0.0163212
0.0162396
0.0161584
0.0160776
0.0159972
0.0159172
0.0158376
0.0157584
0.0156796
0.0156012
0.0155232
0.0154456
0.0153684
0.0152915
0.0152151
0.015139
0.0150633
0.014988
0.0149131
0.0148385
0.0147643
0.0146905
0.014617
0.0145439
0.0144712
0.0143989
0.0143269
0.0142552
0.014184
0.014113
0.0140425
0.0139723
0.0139024
0.0138329
0.0137637
0.0136949
0.0136264
0.0135583
0.0134905
0.0134231
0.0133559
0.0132892
0.0132227
0.0131566
0.0130908
0.0130254
0.0129602
0.0128954
0.012831
0.0127668
0.012703
0.0126395
0.0125763
0.0125134
0.0124508
0.0123886
0.0123266
0.012265
0.0122037
0.0121426
0.0120819
0.0120215
0.0119614
0.0119016
0.0118421
0.0117829
0.011724
0.0116653
0.011607
0.011549
0.0114912
0.0114338
0.0113766
0.0113197
0.0112631
0.0112068
0.0111508
0.011095
0.0110396
0.0109844
0.0109294
0.0108748
0.0108204
0.0107663
0.0107125
0.0106589
0.0106056
0.0105526
0.0104998
0.0104473
0.0103951
0.0103431
0.0102914
0.0102399
0.0101887
0.0101378
0.0100871
0.0100367
0.0099865
0.00993656
0.00988688
0.00983745
0.00978826
0.00973932
0.00969062
0.00964217
0.00959396
0.00954599
0.00949826
0.00945077
0.00940351
0.00935649
0.00930971
0.00926316
0.00921685
0.00917076
0.00912491
0.00907929
0.00903389
0.00898872
0.00894378
0.00889906
0.00885456
0.00881029
0.00876624
0.00872241
0.0086788
0.0086354
0.00859222
0.00854926
0.00850652
0.00846399
0.00842167
0.00837956
0.00833766
0.00829597
0.00825449
0.00821322
0.00817215
0.00813129
0.00809064
0.00805018
0.00800993
0.00796988
0.00793003
0.00789038
0.00785093
0.00781168
0.00777262
0.00773375
0.00769509
0.00765661
0.00761833
0.00758024
0.00754234
0.00750462
0.0074671
0.00742977
0.00739262
0.00735565
0.00731888
0.00728228
0.00724587
0.00720964
0.00717359
0.00713772
0.00710203
0.00706653
0.00703119
0.00699604
0.00696106
0.00692625
0.00689162
0.00685716
0.00682288
0.00678876
0.00675482
0.00672104
0.00668744
