0.000536712
0.000173847
0.000255004
0.0001529
0.000178872
0.000148349
0.000159712
7.05072e-05
4.70104e-05
3.07316e-05
2.17099e-05
-5.69024e-05
1.02358e-05
-4.23776e-05
-8.83542e-05
-0.000134208
-0.000124337
-2.19522e-05
-2.08761e-07
-5.71531e-07
-4.48059e-05
-1.10598e-05
-3.97368e-05
-0.000132472
-0.00021972
-0.00017257
-0.000242761
-7.33428e-05
-0.000304014
-0.000134171
-0.000256044
-0.000190282
-0.000183296
-0.000250688
-0.000247185
-0.000188899
-0.00028126
-0.000273661
-0.000272799
-0.000248397
-0.000279602
-0.000305493
-0.000389025
-0.00031273
-0.000241496
-0.000199362
-0.000364091
-0.00022175
-0.000248496
-0.000206903
-0.000346028
-0.000329543
-0.000279476
-6.077e-05
-0.000254722
-0.000110402
-0.000146412
-0.000158261
-0.000102371
-2.24125e-05
-0.000225697
4.24228e-05
-0.000215767
0.000159061
-2.82322e-05
-7.72526e-05
-0.000194132
-3.62813e-05
0.000171344
9.7922e-05
-0.000260389
-0.000121232
-0.000122371
3.32003e-05
-0.000111624
-1.94756e-05
0.000177461
-1.03937e-05
4.22173e-05
-0.000258607
0.000268284
0.000186146
0.000328383
0.000345728
0.000923459
0.000381644
0.000875004
0.000652786
0.00101162
0.000738018
0.000874752
0.00102122
0.000998164
0.000832847
0.00147205
0.000872199
0.00119627
0.00108221
0.00131124
0.00102103
0.00123851
0.00129368
0.00102588
0.00121895
0.00121465
0.00123685
0.00114492
0.00130544
0.00117689
0.00136634
0.00109764
0.00134205
0.000921785
0.00127364
0.0011863
0.00112819
0.00124035
0.00154877
0.00129149
0.00105968
0.00139243
0.00126212
0.00126897
0.00150258
0.0012546
0.00152399
0.00129369
0.0013808
0.0012725
0.00131517
0.00131809
0.00121635
0.00157179
0.00122616
0.00133049
0.00140146
0.00109975
0.00164327
0.00146872
0.0013812
0.00133479
0.00142023
0.00139476
0.00140065
0.0014928
0.00141171
0.00145899
0.00140826
0.00134915
0.00154015
0.00151674
0.00161306
0.00122579
0.00129524
0.000984907
0.00166391
0.00145013
0.00127387
0.0014938
0.0016553
0.00149712
0.00144834
0.00106744
0.00110029
0.00113031
0.00165471
0.00138528
0.00111342
0.00134717
0.00128935
0.00116807
0.0014577
0.00075111
0.00158072
0.0013198
0.00137554
0.0018963
0.0014554
0.001468
0.0014034
0.00155227
0.00174615
0.0014677
0.00158598
0.0012775
0.00140127
0.00134279
0.00153728
0.00121368
0.00150819
0.00119007
0.00147563
0.00154367
0.0015894
0.00177399
0.00161883
0.00161759
0.00126456
0.00156925
0.00170342
0.00118646
0.00142331
0.00125449
0.00168472
0.00115806
0.00153033
0.00134805
0.00158597
0.00153675
0.00153006
0.00146891
0.00127232
0.00136842
0.00166011
0.00110364
0.00171901
0.00114638
0.0013808
0.00104587
0.00181955
0.000645164
0.00172951
0.00116418
0.00160035
0.00142135
0.00129195
0.00144162
0.00136822
0.00128739
0.00134382
0.000184501
0.000124913
-0.000618167
0.000752852
0.000618845
0.000630195
0.000691196
0.000454991
0.000497903
0.00102993
0.00058528
0.000635686
0.00119183
0.00113829
0.00120007
0.00121548
0.00156855
0.00139256
0.00134918
0.000862712
0.00117991
0.000543781
0.00109703
0.0010171
0.00156156
0.000801798
0.00110267
0.00115955
-5.75295e-05
-0.000739949
-0.000982895
0.000554742
-0.000721819
0.000911143
1.14371e-05
9.87922e-05
-0.00028823
0.000309534
0.00106654
0.000798293
0.000555037
0.000957551
0.00099049
0.000511912
0.000778879
0.000656288
0.00138653
0.000510114
0.00100684
0.00071974
0.000882018
0.000999095
0.001438
0.000438151
0.00146356
0.000864501
0.00118205
-0.00129355
-0.000662309
-0.00294628
-0.000460174
-0.00162166
-0.000586669
-0.000730886
-0.000220249
-0.000694999
0.000341878
-0.000493658
0.000282315
-0.000950476
0.000737014
-0.000455458
-6.51847e-05
-0.000863289
0.00071593
-0.00103252
0.00129743
-0.00107895
0.00104848
-0.00100788
0.000479885
-0.000590579
0.000784745
-0.000242082
0.0001946
-0.000345571
-0.00150066
-0.002139
-0.0028617
-0.00243402
-0.00162344
-0.00157794
-0.0017271
-0.00135708
-0.0018274
-0.000642481
-0.00189567
-0.00163337
-0.00128082
-0.00141312
-0.00091059
-0.000847069
-0.000699755
-0.000787214
-0.00152771
-0.00130732
-0.000232416
-0.000773418
0.000114307
-0.00130028
0.000354894
-0.00122219
-0.00010943
-0.000269024
0.000994503
-0.0012888
0.000690443
6.30672e-05
0.000368731
1.09339e-05
-9.41084e-05
-0.00105492
-0.00102883
-0.00128922
-0.000661113
-0.00280762
-0.00241672
-0.00468997
-0.00408664
-0.00466264
-0.0027706
-0.00351341
-0.00256864
-0.00230423
-0.00208926
-0.00231322
-0.000389898
-0.00227196
-0.00168704
-0.00264742
-0.00167476
-0.00288177
-0.00103573
-0.00286528
-0.0018159
-0.00199366
-0.00192665
-0.00229837
-0.00158432
-0.00314765
-0.00120064
-0.00248788
-0.00262441
-0.00192343
-0.00166295
-0.00305538
-0.0016525
-0.0015126
-0.0022018
-0.00103669
-0.00158528
-0.00147656
-0.00533727
-0.00546012
-0.00628104
-0.00802799
-0.00582242
-0.0065951
-0.00450594
-0.00531108
-0.00373901
-0.00505335
-0.00338366
-0.0050694
-0.00329
-0.00377931
-0.00447138
-0.00459153
-0.00345649
-0.00487982
-0.00299388
-0.00510614
-0.00340444
-0.00237771
-0.00307504
-0.00442406
-0.003049
-0.00429135
-0.0037506
-0.00376519
-0.00364866
-0.00474128
-0.0032156
-0.00376676
-0.00380799
-0.00432076
-0.00214906
-0.00455894
-0.00182896
-0.00666097
-0.00556757
-0.00760477
-0.00839269
-0.00929915
-0.00713823
-0.00654309
-0.0061739
-0.00707501
-0.00695045
-0.00728612
-0.00530258
-0.00768113
-0.00560805
-0.00700359
-0.00524898
-0.00583058
-0.00496023
-0.00548026
-0.00596654
-0.00670608
-0.00659157
-0.00545492
-0.00681239
-0.00527946
-0.00514331
-0.00516954
-0.00518602
-0.00523556
-0.00476232
-0.00578169
-0.00364452
-0.00406003
-0.00499321
-0.00440164
-0.00450898
-0.00284828
-0.00525613
-0.00382997
-0.00338074
-0.00444877
-0.004186
-0.0034333
-0.00344556
-0.00509435
-0.00360438
-0.00451328
-0.00275445
-0.00510514
-0.00588359
-0.00740898
-0.00950469
-0.0117662
-0.0117938
-0.00917136
-0.0082641
-0.0103401
-0.00911119
-0.0100641
-0.00778835
-0.00748625
-0.0078705
-0.0093077
-0.00692486
-0.00741475
-0.00596529
-0.0076276
-0.00549004
-0.00629003
-0.00629719
-0.00771677
-0.00327583
-0.00749777
-0.00558002
-0.00734568
-0.00651448
-0.00709821
-0.00685506
-0.007784
-0.00606542
-0.0069508
-0.00639414
-0.00710007
-0.00682607
-0.00716489
-0.00632712
-0.00620655
-0.00508108
-0.00737923
-0.00436582
-0.00540447
-0.00713217
-0.00636712
-0.00694843
-0.00701533
-0.00915784
-0.00937542
-0.0109977
-0.0138602
-0.0163419
-0.0122161
-0.0148274
-0.0130454
-0.0136037
-0.0121245
-0.0114356
-0.0131991
-0.0111319
-0.0137017
-0.00925485
-0.0133316
-0.00896941
-0.0118788
-0.0113292
-0.0116616
-0.0098172
-0.0110479
-0.00983098
-0.0113287
-0.0104231
-0.0117127
-0.0101681
-0.0112714
-0.00852887
-0.0101487
-0.0101056
-0.00998289
-0.00985851
-0.00999329
-0.00989119
-0.00899035
-0.00973789
-0.0115744
-0.00946733
-0.0112936
-0.00830301
-0.0101496
-0.00911726
-0.0114173
-0.010222
-0.0111439
-0.0104279
-0.00978456
-0.0138955
-0.014623
-0.0158895
-0.0183229
-0.0198302
-0.0210975
-0.0189193
-0.0181615
-0.0177738
-0.0169726
-0.018262
-0.0150989
-0.016077
-0.0150934
-0.0176527
-0.0151354
-0.015893
-0.0142463
-0.0158447
-0.012336
-0.0146553
-0.0133283
-0.0161723
-0.0117463
-0.0167293
-0.0137145
-0.0146107
-0.0127792
-0.0133297
-0.0133158
-0.0147895
-0.0134955
-0.0123679
-0.0117298
-0.0139227
-0.0129922
-0.013383
-0.012843
-0.0125923
-0.0134867
-0.0115175
-0.00971396
-0.0118923
-0.0116338
-0.0119678
-0.0111806
-0.0118979
-0.00948534
-0.0121026
-0.0108703
-0.0114093
-0.0125904
-0.0130922
-0.0133189
-0.0106889
-0.0148356
-0.0115687
-0.0125901
-0.0132389
-0.0126047
-0.0161084
-0.0181378
-0.0197365
-0.0214042
-0.0224379
-0.0211268
-0.0268805
-0.0236455
-0.0225964
-0.0240954
-0.022248
-0.0235423
-0.0212761
-0.0197691
-0.0209463
-0.0191053
-0.0195774
-0.0186589
-0.0191706
-0.0183324
-0.0192195
-0.0170043
-0.0177823
-0.0169557
-0.0181488
-0.0162771
-0.0165921
-0.0162562
-0.0160368
-0.0146848
-0.0159173
-0.0165715
-0.0184033
-0.0147256
-0.0156753
-0.0150349
-0.0165766
-0.0155775
-0.0160624
-0.0163272
-0.0162966
-0.0149523
-0.0150391
-0.0149394
-0.0156373
-0.0151344
-0.0161473
-0.0152409
-0.0146382
-0.0145127
-0.0163695
-0.0171733
-0.0155043
-0.0169224
-0.0157071
-0.0139537
-0.0168181
-0.0182799
-0.0162928
-0.0153435
-0.0177029
-0.0175625
-0.0150298
-0.0191257
-0.0168092
-0.0165457
-0.0151399
-0.0180922
-0.0165045
-0.0187187
-0.0174217
-0.0238891
-0.0232692
-0.0241288
-0.0290589
-0.0293366
-0.0303965
-0.0282349
-0.0297518
-0.0285691
-0.0278506
-0.0286007
-0.0250161
-0.0251303
-0.0259355
-0.0247746
-0.0252209
-0.0255665
-0.0264076
-0.0250016
-0.0232229
-0.0254252
-0.0223283
-0.0243009
-0.0247519
-0.0238824
-0.0211218
-0.0238194
-0.0201869
-0.0231011
-0.0212801
-0.0213403
-0.0211703
-0.0219614
-0.0224568
-0.0226924
-0.0222904
-0.0185708
-0.0203632
-0.021529
-0.0194989
-0.0212324
-0.0194637
-0.0174659
-0.0205983
-0.020221
-0.0195102
-0.0193531
-0.0199398
-0.0221141
-0.0188055
-0.0203372
-0.0197086
-0.020691
-0.0182425
-0.0202331
-0.0181649
-0.0190434
-0.0182277
-0.0207099
-0.0185788
-0.0205848
-0.0184818
-0.0209206
-0.0183902
-0.0191482
-0.0180231
-0.0187222
-0.0189517
-0.0195366
-0.018694
-0.0194927
-0.0182388
-0.0177773
-0.0173947
-0.0189304
-0.0173214
-0.0179136
-0.0184527
-0.0218722
-0.0220457
-0.0278045
-0.0251751
-0.0324148
-0.030089
-0.0347998
-0.0322375
-0.0395725
-0.0361421
-0.0394074
-0.03507
-0.0359542
-0.034907
-0.036607
-0.0341879
-0.036007
-0.0352871
-0.0365569
-0.0331514
-0.0372312
-0.0294908
-0.0358212
-0.0312953
-0.0336007
-0.034048
-0.0328585
-0.0327772
-0.0326798
-0.0314507
-0.0313075
-0.0304856
-0.0328866
-0.0309263
-0.0305302
-0.0303753
-0.0321802
-0.0288848
-0.0305077
-0.0289901
-0.0301869
-0.0292675
-0.0286887
-0.0293966
-0.028302
-0.0275112
-0.0302135
-0.0267779
-0.0293011
-0.0249497
-0.0272939
-0.0275517
-0.027311
-0.0277604
-0.0291219
-0.0265098
-0.0274454
-0.0277587
-0.0278701
-0.0262733
-0.0282709
-0.0263776
-0.0282653
-0.0250498
-0.0246354
-0.0291584
-0.0245747
-0.0266677
-0.0252867
-0.0268489
-0.0236894
-0.0251986
-0.0266349
-0.0262353
-0.0264798
-0.0273505
-0.0237588
-0.0245692
-0.0248913
-0.0236207
-0.0245784
-0.0250436
-0.0229515
-0.0244985
-0.0233905
-0.0272124
-0.0243394
-0.0241989
-0.0250951
-0.0255331
-0.0248124
-0.0251761
-0.02332
-0.023669
-0.0253824
-0.026966
-0.0245428
-0.0251446
-0.0246157
-0.0258257
-0.0241451
-0.0252544
-0.0257851
-0.0263446
-0.026638
-0.0301566
-0.0346633
-0.0351192
-0.0349225
-0.0389155
-0.0411253
-0.0409366
-0.0420707
-0.0383306
-0.0447277
-0.0503754
-0.0439811
-0.0474517
-0.0432003
-0.0454815
-0.0416546
-0.0450916
-0.044108
-0.0447944
-0.0404931
-0.0451638
-0.039986
-0.0463634
-0.0406796
-0.0440976
-0.0417836
-0.0388236
-0.0422503
-0.0427311
-0.042903
-0.0407091
-0.0422183
-0.0396719
-0.0406856
-0.037966
-0.0389196
-0.0371591
-0.0400757
-0.0392825
-0.037544
-0.038266
-0.0391687
-0.0353616
-0.0387276
-0.0366922
-0.0396948
-0.0354865
-0.0398489
-0.0358067
-0.0368964
-0.0350058
-0.0369512
-0.0345703
-0.0352886
-0.0372386
-0.0379974
-0.0370624
-0.0388417
-0.0370392
-0.0357824
-0.0360546
-0.0377787
-0.0342677
-0.0351769
-0.0343357
-0.0360064
-0.0343508
-0.0355262
-0.0361554
-0.0367009
-0.0348185
-0.0365661
-0.0350104
-0.0339835
-0.0341718
-0.0356989
-0.0343672
-0.0364292
-0.0331606
-0.036559
-0.033223
-0.0360181
-0.0330137
-0.0355632
-0.0311951
-0.0350726
-0.0331067
-0.0342979
-0.0313424
-0.032167
-0.0286532
-0.0332192
-0.0311649
-0.0347926
-0.0305839
-0.0340001
-0.031595
-0.0322756
-0.031279
-0.0315446
-0.0314078
-0.0330001
-0.0309601
-0.0306789
-0.0319341
-0.0303212
-0.0310061
-0.0295828
-0.0308215
-0.0301914
-0.0310826
-0.0301893
-0.0285305
-0.0285682
