31.1248
11.8314
12.6484
11.8687
11.4086
11.3753
10.9962
10.7185
10.4276
10.1293
9.83067
9.53682
9.24318
8.95314
8.65533
8.36987
8.08242
7.81344
7.54613
7.29362
7.04357
6.80218
6.56614
6.3449
6.11575
5.90167
5.69012
5.4817
5.35489
5.20028
5.02439
4.85165
4.67617
4.50645
4.39959
4.27019
4.12821
3.98576
3.84775
3.75773
3.64929
3.53071
3.41295
3.29414
3.21506
3.12388
3.02138
2.92185
2.82164
2.75412
2.67531
2.59056
2.50488
2.42081
2.36433
2.29576
2.22599
2.15272
2.08146
2.01269
1.96344
1.90669
1.84806
1.78954
1.7313
1.67467
1.62046
1.56708
1.51541
1.47745
1.43536
1.39243
1.34918
1.30594
1.26498
1.22486
1.18568
1.14867
1.11192
1.07649
1.0429
1.01007
0.985579
0.957708
0.936647
0.918766
0.903472
0.889593
0.877843
0.867364
0.857991
0.850021
0.842142
0.835601
0.829268
0.824234
0.819464
0.815031
0.810999
0.807702
0.804423
0.801327
0.798956
0.796256
0.794031
0.79204
0.790506
0.789078
0.787405
0.786661
0.785439
0.78466
0.783894
0.783147
0.782881
0.782806
0.782412
0.782239
0.782061
0.782249
0.782024
0.782533
0.782653
0.783157
0.783576
0.783888
0.784018
0.784873
0.78526
0.786299
0.786963
0.787459
0.788482
0.788983
0.790177
0.790736
0.791978
0.79315
0.794231
0.795205
0.796314
0.79774
0.798971
0.800502
0.801413
0.802837
0.804107
0.805587
0.80686
0.808189
0.809902
0.811497
0.812855
0.814731
0.816269
0.817921
0.819515
0.82121
0.822771
0.824671
0.826182
0.828417
0.829901
0.831893
0.833701
0.835594
0.837315
0.839277
0.84129
0.843182
0.84523
0.846892
0.849273
0.851395
0.853395
0.855281
0.857858
0.859597
0.862102
0.864016
0.866534
0.868545
0.870978
0.87308
0.875375
0.877841
0.880232
0.882524
0.885062
0.887399
0.889723
0.892117
0.894706
0.897415
0.899728
0.902323
0.905187
0.907547
0.910265
0.912948
0.915742
0.918366
0.92102
0.923888
0.926496
0.929699
0.932054
0.934937
0.937835
0.940467
0.943227
0.946412
0.94958
0.952373
0.955343
0.958265
0.961331
0.964318
0.967377
0.970447
0.973392
0.976655
0.980001
0.983141
0.986164
0.989622
0.992933
0.996029
0.999655
1.00289
1.006
1.00403
0.998682
0.99084
0.985629
0.98181
0.979285
0.977328
0.97602
0.975117
0.975025
0.97504
0.975292
0.976074
0.976985
0.977999
0.979388
0.980951
0.982506
0.98434
0.986156
0.988161
0.990392
0.992631
0.99497
0.99714
0.999753
1.00239
1.00501
1.00311
0.998538
0.991522
0.986484
0.98294
0.980069
0.978089
0.976512
0.975715
0.97515
0.974908
0.974925
0.975473
0.976072
0.977023
0.978016
0.979162
0.980699
0.982062
0.983744
0.985443
0.987501
0.989517
0.991484
0.993676
0.996038
0.998377
1.00088
1.0034
1.00231
0.998415
0.992626
0.98821
0.984997
0.98252
0.980675
0.979321
0.978501
0.977898
0.977735
0.977722
0.978165
0.978646
0.979524
0.980378
0.981624
0.98271
0.984254
0.985668
0.987552
0.989217
0.99115
0.992963
0.995254
0.997304
0.999679
1.00195
1.00441
1.00363
1.00066
0.9957
0.989293
0.984227
0.980122
0.976766
0.974078
0.971903
0.970167
0.968885
0.967836
0.967101
0.966764
0.966491
0.966726
0.966855
0.967326
0.967941
0.968806
0.969587
0.970736
0.971842
0.973324
0.974561
0.976203
0.977689
0.97955
0.981189
0.983238
0.985016
0.987171
0.989173
0.99152
0.993726
0.996052
0.998433
1.00096
1.0034
1.00338
1.00129
0.997646
0.992586
0.988503
0.985165
0.982354
0.980104
0.978302
0.976799
0.97572
0.974807
0.97433
0.973946
0.973857
0.973933
0.974261
0.974613
0.97524
0.975949
0.976765
0.977781
0.978919
0.980085
0.98145
0.982762
0.984274
0.985894
0.9875
0.989282
0.991126
0.993084
0.994964
0.997123
0.999117
1.00127
1.00345
1.00375
1.00215
0.999272
0.995164
0.991697
0.988884
0.986377
0.984326
0.982699
0.981364
0.98023
0.979474
0.978896
0.978436
0.978331
0.978278
0.978457
0.978737
0.979131
0.979767
0.980376
0.981155
0.982073
0.983096
0.984135
0.985384
0.986618
0.98796
0.989427
0.990847
0.992533
0.994085
0.995831
0.997626
0.999457
1.0014
1.00326
1.0037
1.00258
1.00035
0.997011
0.992803
0.989083
0.98588
0.983094
0.980684
0.978474
0.976699
0.975045
0.973762
0.972546
0.971637
0.970808
0.970264
0.969788
0.969523
0.969358
0.96941
0.969485
0.969673
0.969995
0.970405
0.970914
0.971513
0.972275
0.973077
0.973883
0.974848
0.975798
0.976994
0.978135
0.979352
0.980606
0.981907
0.983386
0.984854
0.986341
0.987884
0.989566
0.991171
0.992929
0.994644
0.996478
0.998346
1.00023
1.00221
1.00295
1.00251
1.00117
0.998919
0.995754
0.993023
0.990599
0.988524
0.986619
0.984987
0.983544
0.982259
0.981193
0.980292
0.979532
0.978932
0.978451
0.978151
0.977888
0.97779
0.977791
0.977941
0.978061
0.978433
0.978755
0.979242
0.979754
0.980369
0.981031
0.981801
0.982577
0.983487
0.984438
0.985445
0.986508
0.987677
0.988783
0.990076
0.991316
0.99271
0.994048
0.995483
0.996937
0.998478
1.00003
1.00162
1.00231
1.00207
1.00105
0.999305
0.997009
0.994799
0.992902
0.99116
0.989607
0.988201
0.986978
0.985907
0.984951
0.984212
0.983441
0.982935
0.982414
0.982067
0.981808
0.981594
0.981507
0.981512
0.981591
0.981759
0.98198
0.982277
0.982617
0.983068
0.983533
0.984083
0.984694
0.985349
0.986074
0.986867
0.987694
0.988553
0.989496
0.99048
0.991501
0.99259
0.993663
0.994832
0.99605
0.997254
0.998573
0.999874
1.00122
1.00259
1.0033
1.00323
1.00261
1.00138
0.999633
0.997402
0.99537
0.993455
0.991718
0.990105
0.98867
0.987297
0.986062
0.984934
0.98393
0.983033
0.982218
0.981487
0.980854
0.980278
0.979814
0.97939
0.979086
0.978789
0.97863
0.978507
0.978437
0.978418
0.978478
0.97862
0.978773
0.979009
0.979252
0.979608
0.979977
0.980418
0.980889
0.981397
0.981939
0.982556
0.983195
0.983856
0.984588
0.985373
0.986169
0.986989
0.987894
0.988803
0.989762
0.990712
0.991774
0.99281
0.993924
0.995018
0.996139
0.997347
0.998519
0.999738
1.00101
1.0023
1.0031
1.00338
1.00316
1.00252
1.00143
0.999988
0.998197
0.996514
0.994929
0.993473
0.992047
0.990799
0.989552
0.988419
0.987382
0.986407
0.985502
0.984681
0.983928
0.983247
0.982628
0.982042
0.981541
0.981073
0.980725
0.980356
0.980069
0.979831
0.979645
0.979518
0.979432
0.979372
0.979386
0.979397
0.979466
0.979578
0.979757
0.979932
0.980193
0.98045
0.980763
0.981084
0.981487
0.981861
0.982327
0.982779
0.983288
0.983815
0.984371
0.984984
0.985612
0.986272
0.986956
0.987689
0.988424
0.989146
0.98996
0.990802
0.991642
0.992503
0.993434
0.994354
0.995293
0.996324
0.997297
0.99833
0.999362
1.00047
1.00155
1.0023
1.00267
1.00275
1.00247
1.00191
1.00107
0.999962
0.99861
0.997312
0.996091
0.994921
0.993812
0.992773
0.991768
0.990807
0.989933
0.989082
0.988293
0.987544
0.986864
0.986204
0.985597
0.985057
0.98451
0.984057
0.983612
0.983197
0.982824
0.982505
0.982199
0.981963
0.981723
0.981539
0.981378
0.981292
0.981166
0.98113
0.981092
0.981097
0.98113
0.981209
0.981275
0.981414
0.98154
0.981704
0.981897
0.982143
0.982372
0.982652
0.982946
0.983288
0.983596
0.98397
0.984345
0.984769
0.985175
0.985642
0.986083
0.986603
0.987105
0.987657
0.988196
0.988782
0.989372
0.990009
0.990641
0.991285
0.991958
0.992663
0.993369
0.994109
0.994857
0.995621
0.996399
0.997201
0.998037
0.998865
0.999734
1.0006
1.00151
1.0022
1.00263
1.00284
1.00282
1.00262
1.00219
1.0016
1.0008
0.999874
0.998767
0.997708
0.996679
0.995711
0.994768
0.993874
0.993003
0.99218
0.991372
0.9906
0.989873
0.989191
0.988508
0.987881
0.98726
0.98668
0.986133
0.985609
0.985098
0.984626
0.98417
0.983747
0.983349
0.982982
0.982631
0.982285
0.981986
0.981698
0.981433
0.981189
0.980979
0.980788
0.980614
0.980457
0.980311
0.980196
0.980099
0.980039
0.979969
0.979938
0.979904
0.979909
0.979923
0.979947
0.980003
0.980067
0.980157
0.980262
0.98038
0.980508
0.980656
0.980823
0.980997
0.981194
0.981412
0.981636
0.981899
0.98214
0.982435
0.982703
0.983015
0.983329
0.983652
0.984019
0.984374
0.984745
0.985138
0.985525
0.985943
0.986384
0.986822
0.987283
0.987746
0.988217
0.988719
0.989215
0.989743
0.990263
0.990817
0.991384
0.991957
0.992538
0.993124
0.993731
0.994349
0.994985
0.995628
0.996284
0.996947
0.99762
0.998316
0.999027
0.99973
1.00047
1.00121
1.0018
1.00228
1.0026
1.00279
1.00284
1.00277
1.00258
1.00227
1.00186
1.00133
1.00072
1.00002
0.999331
0.998679
0.998034
0.997419
0.996818
0.996248
0.995688
0.995152
0.994625
0.994127
0.993634
0.99318
0.992718
0.992281
0.991861
0.991459
0.991074
0.990702
0.990336
0.99
0.989676
0.989345
0.989052
0.988757
0.988487
0.988226
0.987986
0.987755
0.987527
0.987329
0.987141
0.986959
0.9868
0.986641
0.986494
0.98636
0.98625
0.986135
0.986043
0.985955
0.985889
0.985816
0.98577
0.985727
0.985707
0.98569
0.985681
0.985682
0.98569
0.985718
0.985757
0.985798
0.985852
0.98592
0.985998
0.986085
0.986176
0.986285
0.986393
0.986514
0.986653
0.986796
0.986939
0.9871
0.98727
0.987441
0.98763
0.987822
0.988026
0.988241
0.988462
0.988686
0.988919
0.98916
0.989416
0.98969
0.989956
0.990231
0.990513
0.990807
0.991117
0.991431
0.991752
0.992079
0.992421
0.99276
0.99311
0.993469
0.993835
0.994207
0.994587
0.994972
0.995374
0.995782
0.996192
0.996612
0.997034
0.997473
0.997907
0.998361
0.998818
0.999279
