3834.55
3620.05
3492.99
3450.55
3353.27
3246.03
3136.08
3036.8
2934.49
2830.47
2733.13
2635.28
2535.53
2442.9
2351.77
2265.01
2180.72
2100.62
2022.57
1947.75
1877.56
1808.53
1743.44
1674.25
1612.67
1550.22
1489.36
1469.1
1417.7
1364.44
1312.1
1262.38
1211.79
1193.66
1152.08
1109.68
1067.87
1027.55
1012.34
977.112
942.267
906.934
872.663
859.148
830.684
799.543
771.042
742.07
730.964
706.319
681.3
656.575
632.778
622.684
602.74
581.586
560.871
541.008
521.797
512.3
496.131
478.571
462.221
445.94
430.486
415.179
400.739
386.061
379.243
367.204
354.915
343.04
331.279
320.041
309.283
299.122
288.359
279.08
269.307
260.693
251.542
246.814
239.125
234.914
231.162
228.442
225.375
223.206
220.797
218.914
216.921
215.074
213.529
212.13
210.549
209.456
208.18
207.076
205.846
204.887
204.008
202.987
202.381
201.335
200.663
199.916
199.283
198.559
198.163
197.287
196.984
196.152
195.941
195.294
194.848
194.254
193.926
193.365
193.062
192.499
192.233
191.78
191.604
190.868
190.848
190.249
190.158
189.5
189.482
189.108
188.733
188.488
188.257
187.709
187.711
187.217
187.106
186.518
186.498
186.032
186.059
185.523
185.412
185.023
184.874
184.609
184.379
184.125
183.832
183.567
183.343
183.089
183.027
182.56
182.55
182.092
182.099
181.75
181.604
181.095
181.289
180.747
180.801
180.345
180.325
179.776
179.866
179.554
179.209
179.174
178.906
178.725
178.744
178.183
178.178
177.954
177.782
177.604
177.352
177.17
176.942
176.502
176.575
176.149
176.213
175.85
175.716
175.442
175.352
174.991
174.979
174.705
174.5
174.226
174.21
173.872
173.68
173.385
173.272
173.088
172.951
172.629
172.591
172.367
172.349
171.795
171.783
171.528
171.421
171.269
171.252
170.93
170.649
170.32
170.482
170.018
170.003
169.727
169.66
169.379
169.491
169.13
168.888
168.753
168.626
168.496
168.128
168.095
167.712
167.61
164.343
160.137
156.146
154.863
154.258
153.701
153.045
152.537
151.993
151.513
151.203
150.7
150.3
149.88
149.536
149.253
148.798
148.485
148.136
147.999
147.585
147.511
147.156
146.896
146.68
146.536
146.325
146.007
142.85
139.413
136.054
134.924
134.444
133.786
133.345
132.712
132.365
131.809
131.402
131.015
130.66
130.362
130.022
129.597
129.4
129.028
128.777
128.518
128.222
128.003
127.756
127.345
127.334
126.996
126.691
126.597
126.347
123.737
120.604
117.963
116.889
116.595
115.943
115.502
115.023
114.708
114.242
113.923
113.547
113.224
112.844
112.649
112.286
112.029
111.638
111.549
111.152
111.023
110.644
110.528
110.263
110.126
109.732
109.69
109.37
109.187
107.024
104.51
102.14
99.603
98.9899
98.3485
97.9457
97.4362
97.0058
96.596
96.2088
95.7902
95.5021
95.1753
94.7586
94.6174
94.2157
94.0093
93.7295
93.5205
93.074
93.0062
92.6032
92.6479
92.0762
92.1365
91.8289
91.6613
91.3698
91.27
90.968
90.9082
90.5862
90.5773
90.3089
90.1167
90.0001
89.8118
89.6498
87.8702
85.8252
84.0188
82.0455
81.4911
81.0676
80.7235
80.3006
79.9506
79.6574
79.4058
78.9939
78.7867
78.4567
78.2839
77.9934
77.8059
77.5097
77.3761
77.1207
76.8927
76.7076
76.5639
76.2498
76.1463
75.8436
75.7593
75.571
75.3552
75.1921
75.1055
74.9786
74.7155
74.689
74.4221
74.3079
74.1797
72.7743
71.1178
69.5722
68.1121
67.6032
67.3249
66.9126
66.6446
66.3211
66.1193
65.7958
65.6311
65.3543
65.1658
64.9814
64.7499
64.5207
64.3128
64.0783
63.9996
63.7218
63.6655
63.4654
63.2872
63.0555
62.9867
62.7606
62.6702
62.5017
62.3348
62.2589
62.0259
61.9079
61.8219
61.6282
61.5565
61.3631
60.2874
58.8596
57.7294
56.4345
55.2721
54.8614
54.6096
54.3342
54.0997
53.7659
53.6119
53.3367
53.1773
52.9302
52.7548
52.5082
52.3385
52.1451
51.955
51.7521
51.6323
51.4441
51.2659
51.1034
50.9824
50.842
50.6999
50.6199
50.4263
50.2774
50.1648
50.0043
49.9284
49.7664
49.6372
49.5329
49.3467
49.3459
49.164
49.0758
48.9739
48.9128
48.7167
48.6729
48.5647
48.4554
48.342
48.2428
48.1692
47.2697
46.2736
45.438
44.5152
43.5275
43.246
43.0297
42.8669
42.6401
42.4626
42.2683
42.0798
41.9008
41.7532
41.578
41.4825
41.2775
41.1742
41.0039
40.9247
40.7666
40.6701
40.4754
40.44
40.2294
40.1517
40.0039
39.9184
39.809
39.728
39.5813
39.5287
39.397
39.2728
39.2129
39.1427
38.9606
38.9262
38.7838
38.7451
38.5958
38.5541
38.4717
38.4166
38.3186
38.209
37.5755
36.7907
36.0916
35.3791
34.7558
34.4665
34.3306
34.1399
33.9932
33.8209
33.6941
33.5689
33.4124
33.3334
33.1284
33.0485
32.8913
32.8061
32.6929
32.5521
32.4917
32.3479
32.2703
32.176
32.0657
31.9722
31.8635
31.7846
31.6733
31.5994
31.5151
31.3975
31.3389
31.2695
31.1706
31.0683
31.0152
30.9571
30.8617
30.7902
30.6725
30.6384
30.5736
30.493
30.4423
30.3497
30.2696
30.2039
29.7086
29.1354
28.6251
28.0617
27.5446
27.0425
26.884
26.7073
26.6013
26.445
26.3561
26.1964
26.0932
25.9695
25.892
25.7674
25.6881
25.555
25.4765
25.3626
25.2816
25.1723
25.1186
24.9957
24.9439
24.8448
24.7715
24.6647
24.602
24.5239
24.4427
24.373
24.2907
24.246
24.1738
24.0952
24.0345
23.9358
23.8854
23.8277
23.7554
23.6786
23.6364
23.5791
23.5099
23.4348
23.4011
23.314
23.2664
23.1968
23.1699
23.0876
23.0593
22.981
22.9068
22.8926
22.7919
22.757
22.7183
22.6498
22.3194
21.8975
21.5006
21.1334
20.7261
20.3673
19.9941
19.8671
19.7737
19.6792
19.5644
19.5138
19.379
19.3106
19.2423
19.141
19.0527
18.9754
18.9124
18.8262
18.7571
18.6679
18.6126
18.5345
18.488
18.3896
18.3341
18.2748
18.2148
18.1577
18.1003
18.0278
17.9837
17.9041
17.8401
17.7853
17.7375
17.6744
17.6407
17.5759
17.5239
17.4575
17.4303
17.3468
17.3335
17.2542
17.2129
17.1532
17.1143
17.079
17.0364
16.9832
16.9259
16.8937
16.8362
16.7783
16.764
16.723
16.6547
16.6156
16.6023
16.5528
16.4962
16.5061
16.417
16.3928
16.3396
16.346
16.2597
16.0393
15.7204
15.4873
15.2041
14.9512
14.6886
14.455
14.2144
14.1206
14.0496
13.9691
13.8967
13.8413
13.7644
13.7007
13.6532
13.5813
13.5246
13.4692
13.4138
13.3515
13.292
13.2543
13.1803
13.1631
13.0941
13.031
12.9821
12.9413
12.8859
12.8543
12.7885
12.7562
12.7051
12.6885
12.6117
12.5947
12.5321
12.4953
12.4589
12.4283
12.3692
12.3504
12.2912
12.2562
12.2196
12.1938
12.1436
12.1181
12.0705
12.0476
11.9829
11.9634
11.9204
11.8987
11.8382
11.8232
11.7717
11.76
11.7136
11.6942
11.6419
11.6181
11.5862
11.5629
11.5219
11.4831
11.4722
11.4267
11.3994
11.367
11.3433
11.3028
11.278
11.2511
11.2204
11.1832
11.1738
11.1321
11.1208
10.9624
10.7668
10.5862
10.4037
10.2528
10.0536
9.92372
9.73286
9.60954
9.4359
9.38977
9.32854
9.30199
9.24235
9.20546
9.14946
9.12078
9.06784
9.03468
8.9882
8.96161
8.90066
8.87885
8.83095
8.79558
8.76121
8.72735
8.68456
8.65721
8.61468
8.58675
8.54985
8.52023
8.47354
8.43831
8.41804
8.37901
8.3445
8.3153
8.28737
8.25492
8.22981
8.19987
8.16374
8.13772
8.10319
8.08804
8.04519
8.02781
7.985
7.97436
7.93914
7.91286
7.88907
7.8617
7.83471
7.80807
7.7799
7.7547
7.72629
7.70568
7.67828
7.65706
7.63337
7.60699
7.59118
7.54715
7.54756
7.50609
7.49348
7.4617
7.43335
7.42908
7.40208
7.37529
7.36053
7.32593
7.30948
7.29667
7.26553
7.25088
7.22468
7.19744
7.18666
7.16238
7.14971
7.11819
7.10694
7.09205
7.06512
7.04315
7.02129
7.01045
6.98917
6.97317
6.94861
6.93276
6.91169
6.89531
6.88222
6.87228
6.84156
6.83372
6.81189
6.72047
6.61689
6.49053
6.38838
6.28267
6.18407
6.07518
5.98845
5.89118
5.79228
5.71856
5.63353
5.59668
5.57966
5.54327
5.52223
5.49549
5.47529
5.44821
5.4252
5.39457
5.37933
5.34643
5.33345
5.29992
5.28219
5.25514
5.23811
5.21397
5.19381
5.16552
5.15131
5.12789
5.09841
5.09027
5.06109
5.04682
5.02305
5.00864
4.98889
4.96185
4.9516
4.9296
4.9084
4.89481
4.87035
4.85051
4.83307
4.82043
4.79394
4.78125
4.76103
4.75211
4.72644
4.71383
4.69328
4.68256
4.66284
4.64329
4.62362
4.60688
4.59507
4.583
4.56076
4.55041
4.53571
4.51969
4.50365
4.48778
4.47425
4.45643
4.44561
4.43034
4.41193
4.39243
4.38454
4.3687
4.34895
4.34086
4.32698
4.31502
4.2975
4.28514
4.26779
4.25623
4.24208
4.2312
4.2237
4.20213
4.18752
4.17538
4.16263
4.15703
4.14104
4.12913
4.11627
4.10582
4.08836
4.07725
4.06797
4.05377
4.04282
4.02864
4.01727
4.01126
3.99682
3.98209
3.96905
3.95902
3.9517
3.93511
3.93027
3.91669
3.90349
3.89143
