17277.8
5625.18
3957.12
3530.56
3452.05
3326.07
3240
3129.69
3032.66
2935.55
2834.39
2740.19
2644.8
2548.36
2459.04
2367.16
2279.57
2196.83
2116.33
2040.18
1964.61
1894.34
1824.85
1759.05
1693.76
1631.08
1569.12
1508.92
1474.09
1429.2
1379.06
1328.57
1278.66
1228.92
1199.45
1162.71
1122.19
1081.84
1041.7
1017.38
986.712
953.847
919.543
885.969
864.978
838.877
810.604
782.11
753.88
735.863
714.095
690.276
666.706
642.887
627.028
609.189
589.378
569.246
549.506
530.113
516.585
501.533
485.091
468.844
452.759
436.98
421.771
406.967
392.49
382.394
371.106
359.469
347.714
336.085
324.714
313.943
303.422
292.953
283.366
273.831
264.784
255.814
249.108
242.004
236.443
231.844
228.129
224.713
221.84
219.173
216.888
214.652
212.625
210.89
209.222
207.617
206.322
204.904
203.658
202.46
201.449
200.408
199.375
198.561
197.585
196.805
196.05
195.266
194.593
193.972
193.328
192.742
192.104
191.654
191.061
190.467
190.023
189.555
189.108
188.643
188.272
187.79
187.453
187.048
186.632
186.267
185.975
185.553
185.231
184.828
184.599
184.247
183.911
183.634
183.226
183.055
182.702
182.425
182.063
181.818
181.461
181.281
180.953
180.709
180.444
180.19
179.966
179.677
179.453
179.207
178.936
178.673
178.449
178.23
177.947
177.79
177.476
177.297
177.074
176.846
176.563
176.383
176.14
176.009
175.707
175.592
175.227
175.099
174.862
174.599
174.386
174.237
173.966
173.846
173.525
173.384
173.07
172.96
172.727
172.57
172.317
172.162
171.857
171.73
171.475
171.353
171.082
170.927
170.658
170.516
170.286
170.155
169.915
169.677
169.481
169.322
169.075
168.925
168.699
168.541
168.324
168.134
167.947
167.76
167.566
167.361
167.157
167.017
166.772
166.642
166.463
166.286
166.012
165.915
165.669
165.523
165.303
165.141
164.951
164.796
164.597
164.433
164.195
164.043
163.889
163.652
163.502
163.337
163.153
162.988
162.79
161.778
159.86
157.484
155.476
153.962
152.661
151.581
150.66
149.869
149.032
148.504
147.874
147.271
146.793
146.332
145.913
145.419
145.065
144.642
144.388
143.982
143.711
143.369
143.081
142.778
142.531
142.23
141.978
141.053
139.462
137.585
135.849
134.51
133.362
132.39
131.536
130.767
130.056
129.395
128.838
128.282
127.794
127.338
126.874
126.515
126.092
125.759
125.376
125.053
124.674
124.407
124.072
123.85
123.528
123.224
122.994
122.747
121.986
120.732
119.232
117.842
116.74
115.724
114.877
114.118
113.411
112.791
112.216
111.721
111.225
110.744
110.307
109.945
109.554
109.184
108.832
108.481
108.183
107.88
107.606
107.339
107.024
106.768
106.529
106.264
106.025
105.43
104.422
103.236
101.748
100.554
99.4194
98.5048
97.6186
96.8774
96.1737
95.5549
94.98
94.4368
93.935
93.4623
93.0119
92.6143
92.2357
91.8739
91.51
91.1565
90.8678
90.5095
90.2801
89.9272
89.699
89.4368
89.1513
88.9041
88.6573
88.4605
88.2031
87.9754
87.7675
87.565
87.3484
87.179
86.93
86.766
86.3348
85.6329
84.7674
83.7114
82.7817
81.9387
81.227
80.534
79.9039
79.3805
78.8594
78.3758
77.9382
77.5111
77.1482
76.7667
76.4177
76.0894
75.7861
75.4689
75.182
74.9056
74.6487
74.3616
74.1511
73.8825
73.6698
73.4536
73.2283
73.0014
72.8166
72.6171
72.4073
72.2328
72.0491
71.867
71.7094
71.3514
70.8464
70.1716
69.4155
68.6872
68.0534
67.4582
66.9253
66.3961
65.9662
65.5334
65.137
64.7646
64.4238
64.0916
63.7777
63.4546
63.184
62.9
62.6496
62.3855
62.1469
61.9215
61.6819
61.4616
61.2609
61.06
60.8547
60.6624
60.4741
60.2931
60.1297
59.9224
59.7761
59.599
59.4402
59.2793
59.0084
58.599
58.1223
57.5295
56.8998
56.2889
55.7472
55.2329
54.7571
54.3357
53.9032
53.5427
53.1628
52.8558
52.5008
52.2052
51.8975
51.6262
51.3556
51.1076
50.8548
50.6194
50.3883
50.1709
49.9606
49.7412
49.5454
49.369
49.1585
48.9919
48.8131
48.6414
48.4712
48.3224
48.1463
47.9928
47.8206
47.6897
47.5293
47.3965
47.2469
47.1163
46.9845
46.8471
46.7395
46.5906
46.4711
46.3424
46.218
46.0328
45.7783
45.4538
45.0861
44.6469
44.2273
43.8363
43.4797
43.1279
42.8065
42.4961
42.2109
41.9343
41.6809
41.428
41.1925
40.9598
40.7465
40.5317
40.3425
40.1361
39.9498
39.7572
39.5777
39.4128
39.2483
39.081
38.9259
38.7804
38.6221
38.4849
38.336
38.2087
38.0569
37.9428
37.8069
37.6759
37.5437
37.4325
37.3186
37.1941
37.0907
36.9829
36.867
36.7622
36.6556
36.506
36.319
36.0862
35.8151
35.5169
35.2126
34.9339
34.6498
34.4024
34.1459
33.9221
33.6985
33.4839
33.2797
33.086
32.893
32.7092
32.5315
32.3659
32.1972
32.042
31.8926
31.7343
31.5944
31.4498
31.3049
31.167
31.0418
30.9048
30.7895
30.6611
30.5476
30.4215
30.3173
30.2035
30.0958
29.9861
29.8809
29.7707
29.6779
29.5719
29.4765
29.3706
29.2889
29.1867
29.1019
29.0035
28.9273
28.8067
28.6735
28.5013
28.3163
28.104
27.8704
27.6386
27.418
27.203
26.9957
26.8079
26.6157
26.4405
26.2595
26.0976
25.9238
25.7838
25.6111
25.4756
25.3224
25.1904
25.0482
24.9256
24.7885
24.671
24.5394
24.4298
24.3037
24.1968
24.0726
23.98
23.8662
23.7689
23.6613
23.5693
23.4654
23.3709
23.2698
23.1805
23.0939
23.003
22.9121
22.8281
22.7429
22.6617
22.5787
22.4942
22.4144
22.336
22.2604
22.1801
22.1106
22.0297
21.967
21.8832
21.8227
21.7436
21.6747
21.6017
21.5382
21.4568
21.3632
21.2576
21.1361
20.9964
20.8434
20.6895
20.5255
20.376
20.222
20.0807
19.9384
19.7991
19.664
19.5418
19.4124
19.2907
19.1711
19.0613
18.942
18.8372
18.724
18.6277
18.5216
18.4221
18.3268
18.2283
18.1348
18.0447
17.9526
17.8663
17.7787
17.7004
17.6131
17.5291
17.451
17.3705
17.298
17.2161
17.1442
17.0664
16.9997
16.9221
16.8565
16.7816
16.7164
16.6487
16.5822
16.5187
16.4538
16.3889
16.3232
16.2632
16.1991
16.1389
16.0787
16.0227
15.9655
15.9068
15.847
15.7945
15.7376
15.6816
15.6322
15.5785
15.5244
15.4679
15.4193
15.3633
15.31
15.2413
15.1763
15.0999
15.0091
14.9203
14.8231
14.7162
14.613
14.508
14.4085
14.3125
14.2159
14.1221
14.0304
13.9437
13.8546
13.7706
13.6867
13.6065
13.5259
13.4449
13.3704
13.2945
13.2206
13.1492
13.0741
13.0069
12.9354
12.8712
12.8018
12.739
12.6694
12.6112
12.546
12.4862
12.4259
12.3654
12.3034
12.251
12.1908
12.1351
12.0771
12.0238
11.9676
11.9171
11.861
11.8117
11.7593
11.7101
11.6572
11.6087
11.5583
11.5128
11.4618
11.4161
11.366
11.3217
11.274
11.233
11.186
11.1412
11.0975
11.0548
11.0082
10.9681
10.924
10.8853
10.8403
10.8013
10.7583
10.7218
10.6776
10.6414
10.5994
10.5597
10.526
10.4844
10.4466
10.4091
10.3725
10.331
10.2868
10.2364
10.1858
10.1267
10.0754
10.0075
9.94849
9.87753
9.81157
9.74438
9.68034
9.61464
9.55532
9.4908
9.4311
9.37483
9.31738
9.25705
9.204
9.14581
9.0934
9.04103
8.98905
8.93815
8.88611
8.83746
8.78759
8.73759
8.69038
8.64341
8.59761
8.54937
8.50639
8.46072
8.41512
8.37328
8.32799
8.28562
8.24198
8.20226
8.16138
8.1214
8.07879
8.0409
8.00171
7.96319
7.92424
7.88381
7.84956
7.81103
7.77411
7.73777
7.70214
7.66559
7.63249
7.59505
7.56171
7.5262
7.4935
7.4594
7.42569
7.39153
7.35979
7.32774
7.29603
7.26285
7.2322
7.20169
7.16813
7.13972
7.10723
7.0798
7.04908
7.02041
6.98866
6.96096
6.93046
6.90303
6.87385
6.845
6.81693
6.79003
6.76242
6.73573
6.70698
6.68059
6.65417
6.62626
6.59971
6.57407
6.5488
6.52303
6.49701
6.47284
6.44681
6.42179
6.39661
6.37218
6.34812
6.32337
6.29906
6.27537
6.25175
6.2284
6.20197
6.17438
6.14463
6.11599
6.08478
6.05279
6.01752
5.98328
5.94729
5.91283
5.87422
5.83849
5.8027
5.7665
5.73186
5.69757
5.66401
5.63155
5.59801
5.5648
5.53228
5.50206
5.4687
5.43896
5.40718
5.37703
5.3484
5.31802
5.28872
5.26058
5.23134
5.20348
5.17514
5.14779
5.11991
5.09473
5.06684
5.0404
5.01356
4.98787
4.96139
4.93589
4.91054
4.88654
4.86123
4.83707
4.81272
4.78875
4.76411
4.74083
4.71773
4.6951
4.67159
4.64971
4.62616
4.60405
4.5812
4.55945
4.53744
4.51561
4.4943
4.47209
4.45151
4.43066
4.40945
4.38908
4.3681
4.34821
4.32767
4.30732
4.28715
4.26783
4.24731
4.22939
4.20876
4.19045
4.17111
4.15186
4.13366
4.11433
4.09563
4.07785
4.05916
4.04127
4.02376
4.0049
3.98715
3.96993
3.95217
3.93388
3.91715
3.89976
3.88346
3.86593
3.84909
3.8317
3.81583
3.79856
3.78244
3.76619
3.74951
3.73343
3.71774
3.7016
3.68577
3.66966
3.65428
3.63876
3.6233
3.60787
3.5929
3.57731
