3455.56
3455.56
3455.56
3282.78
3118.64
2962.71
2814.57
2673.84
2540.15
2413.14
2292.49
2177.86
2068.97
1965.52
1867.24
1773.88
1685.19
1600.93
1520.88
1444.84
1372.6
1303.97
1238.77
1176.83
1117.99
1062.09
1062.09
1008.98
958.535
910.608
865.078
821.824
821.824
780.733
741.696
704.611
669.381
669.381
635.912
604.116
573.91
545.215
545.215
517.954
492.056
467.453
444.081
444.081
421.877
400.783
380.744
361.707
361.707
343.621
326.44
310.118
294.612
279.882
279.882
265.888
252.593
239.963
227.965
216.567
205.739
195.452
185.679
185.679
176.395
167.575
159.197
151.237
143.675
136.491
129.667
123.183
117.024
111.173
105.614
100.334
100.334
95.3169
95.3169
95.3169
95.3169
95.3169
95.3169
95.3169
95.3169
95.3169
95.3169
95.3169
95.3169
95.3169
95.3169
95.3169
95.3169
95.3169
95.3169
95.3169
95.3169
95.3169
95.3169
95.3169
95.3169
95.3169
95.3169
95.3169
95.3169
95.3169
95.3169
95.3169
95.3169
95.3169
95.3169
95.3169
95.3169
95.3169
95.3169
95.3169
95.3169
95.3169
95.3169
95.3169
95.3169
95.3169
95.3169
95.3169
95.3169
95.3169
95.3169
95.3169
95.3169
95.3169
95.3169
95.3169
95.3169
95.3169
95.3169
95.3169
95.3169
95.3169
95.3169
95.3169
95.3169
95.3169
95.3169
95.3169
95.3169
95.3169
95.3169
95.3169
95.3169
95.3169
95.3169
95.3169
95.3169
95.3169
95.3169
95.3169
95.3169
95.3169
95.3169
95.3169
95.3169
95.3169
95.3169
95.3169
95.3169
95.3169
95.3169
95.3169
95.3169
95.3169
95.3169
95.3169
95.3169
95.3169
95.3169
95.3169
95.3169
95.3169
95.3169
95.3169
95.3169
95.3169
95.3169
95.3169
95.3169
95.3169
95.3169
95.3169
95.3169
95.3169
95.3169
95.3169
95.3169
95.3169
95.3169
95.3169
95.3169
95.3169
95.3169
95.3169
95.3169
95.3169
95.3169
95.3169
95.3169
95.3169
95.3169
95.3169
95.3169
95.3169
95.3169
95.3169
95.3169
95.3169
95.3169
95.3169
95.3169
95.3169
95.3169
95.3169
95.3169
95.3169
95.3169
95.3169
95.3169
90.5511
86.0235
81.7223
81.7223
81.7223
81.7223
81.7223
81.7223
81.7223
81.7223
81.7223
81.7223
81.7223
81.7223
81.7223
81.7223
81.7223
81.7223
81.7223
81.7223
81.7223
81.7223
81.7223
81.7223
81.7223
81.7223
81.7223
81.7223
77.6362
73.7544
70.0667
70.0667
70.0667
70.0667
70.0667
70.0667
70.0667
70.0667
70.0667
70.0667
70.0667
70.0667
70.0667
70.0667
70.0667
70.0667
70.0667
70.0667
70.0667
70.0667
70.0667
70.0667
70.0667
70.0667
70.0667
70.0667
70.0667
66.5633
63.2352
60.0734
60.0734
60.0734
60.0734
60.0734
60.0734
60.0734
60.0734
60.0734
60.0734
60.0734
60.0734
60.0734
60.0734
60.0734
60.0734
60.0734
60.0734
60.0734
60.0734
60.0734
60.0734
60.0734
60.0734
60.0734
60.0734
60.0734
57.0697
54.2162
51.5054
48.9302
48.9302
48.9302
48.9302
48.9302
48.9302
48.9302
48.9302
48.9302
48.9302
48.9302
48.9302
48.9302
48.9302
48.9302
48.9302
48.9302
48.9302
48.9302
48.9302
48.9302
48.9302
48.9302
48.9302
48.9302
48.9302
48.9302
48.9302
48.9302
48.9302
48.9302
48.9302
48.9302
48.9302
48.9302
48.9302
46.4837
44.1595
41.9515
39.8539
39.8539
39.8539
39.8539
39.8539
39.8539
39.8539
39.8539
39.8539
39.8539
39.8539
39.8539
39.8539
39.8539
39.8539
39.8539
39.8539
39.8539
39.8539
39.8539
39.8539
39.8539
39.8539
39.8539
39.8539
39.8539
39.8539
39.8539
39.8539
39.8539
39.8539
39.8539
39.8539
39.8539
37.8612
35.9682
34.1698
32.4613
32.4613
32.4613
32.4613
32.4613
32.4613
32.4613
32.4613
32.4613
32.4613
32.4613
32.4613
32.4613
32.4613
32.4613
32.4613
32.4613
32.4613
32.4613
32.4613
32.4613
32.4613
32.4613
32.4613
32.4613
32.4613
32.4613
32.4613
32.4613
32.4613
32.4613
32.4613
32.4613
32.4613
30.8382
29.2963
27.8315
26.4399
25.1179
25.1179
25.1179
25.1179
25.1179
25.1179
25.1179
25.1179
25.1179
25.1179
25.1179
25.1179
25.1179
25.1179
25.1179
25.1179
25.1179
25.1179
25.1179
25.1179
25.1179
25.1179
25.1179
25.1179
25.1179
25.1179
25.1179
25.1179
25.1179
25.1179
25.1179
25.1179
25.1179
25.1179
25.1179
25.1179
25.1179
25.1179
25.1179
25.1179
25.1179
25.1179
25.1179
25.1179
25.1179
23.862
22.6689
21.5355
20.4587
19.4358
19.4358
19.4358
19.4358
19.4358
19.4358
19.4358
19.4358
19.4358
19.4358
19.4358
19.4358
19.4358
19.4358
19.4358
19.4358
19.4358
19.4358
19.4358
19.4358
19.4358
19.4358
19.4358
19.4358
19.4358
19.4358
19.4358
19.4358
19.4358
19.4358
19.4358
19.4358
19.4358
19.4358
19.4358
19.4358
19.4358
19.4358
19.4358
19.4358
19.4358
19.4358
18.464
17.5408
16.6637
15.8305
15.039
15.039
15.039
15.039
15.039
15.039
15.039
15.039
15.039
15.039
15.039
15.039
15.039
15.039
15.039
15.039
15.039
15.039
15.039
15.039
15.039
15.039
15.039
15.039
15.039
15.039
15.039
15.039
15.039
15.039
15.039
15.039
15.039
15.039
15.039
15.039
15.039
15.039
15.039
15.039
15.039
15.039
15.039
15.039
14.2871
13.5727
12.8941
12.2494
11.6369
11.0551
11.0551
11.0551
11.0551
11.0551
11.0551
11.0551
11.0551
11.0551
11.0551
11.0551
11.0551
11.0551
11.0551
11.0551
11.0551
11.0551
11.0551
11.0551
11.0551
11.0551
11.0551
11.0551
11.0551
11.0551
11.0551
11.0551
11.0551
11.0551
11.0551
11.0551
11.0551
11.0551
11.0551
11.0551
11.0551
11.0551
11.0551
11.0551
11.0551
11.0551
11.0551
11.0551
11.0551
11.0551
11.0551
11.0551
11.0551
11.0551
11.0551
11.0551
11.0551
11.0551
11.0551
11.0551
10.5023
9.97719
9.47833
9.00441
8.55419
8.12648
7.72016
7.72016
7.72016
7.72016
7.72016
7.72016
7.72016
7.72016
7.72016
7.72016
7.72016
7.72016
7.72016
7.72016
7.72016
7.72016
7.72016
7.72016
7.72016
7.72016
7.72016
7.72016
7.72016
7.72016
7.72016
7.72016
7.72016
7.72016
7.72016
7.72016
7.72016
7.72016
7.72016
7.72016
7.72016
7.72016
7.72016
7.72016
7.72016
7.72016
7.72016
7.72016
7.72016
7.72016
7.72016
7.72016
7.72016
7.72016
7.72016
7.72016
7.72016
7.72016
7.72016
7.72016
7.72016
7.72016
7.72016
7.72016
7.72016
7.72016
7.72016
7.72016
7.72016
7.33415
6.96744
6.61907
6.28812
5.97371
5.67503
5.39127
5.12171
5.12171
5.12171
5.12171
5.12171
5.12171
5.12171
5.12171
5.12171
5.12171
5.12171
5.12171
5.12171
5.12171
5.12171
5.12171
5.12171
5.12171
5.12171
5.12171
5.12171
5.12171
5.12171
5.12171
5.12171
5.12171
5.12171
5.12171
5.12171
5.12171
5.12171
5.12171
5.12171
5.12171
5.12171
5.12171
5.12171
5.12171
5.12171
5.12171
5.12171
5.12171
5.12171
5.12171
5.12171
5.12171
5.12171
5.12171
5.12171
5.12171
5.12171
5.12171
5.12171
5.12171
5.12171
5.12171
5.12171
5.12171
5.12171
5.12171
5.12171
5.12171
5.12171
5.12171
5.12171
5.12171
5.12171
5.12171
5.12171
5.12171
5.12171
5.12171
5.12171
4.86563
4.62234
4.39123
4.17167
3.96308
3.76493
3.57668
3.39785
3.22795
3.06656
3.06656
3.06656
3.06656
3.06656
3.06656
3.06656
3.06656
3.06656
3.06656
3.06656
3.06656
3.06656
3.06656
3.06656
3.06656
3.06656
3.06656
3.06656
3.06656
3.06656
3.06656
3.06656
3.06656
3.06656
3.06656
3.06656
3.06656
3.06656
3.06656
3.06656
3.06656
3.06656
3.06656
3.06656
3.06656
3.06656
3.06656
3.06656
3.06656
3.06656
3.06656
3.06656
3.06656
3.06656
3.06656
3.06656
3.06656
3.06656
3.06656
3.06656
3.06656
3.06656
3.06656
3.06656
3.06656
3.06656
3.06656
3.06656
3.06656
3.06656
3.06656
3.06656
3.06656
3.06656
3.06656
3.06656
3.06656
3.06656
3.06656
3.06656
3.06656
3.06656
3.06656
3.06656
3.06656
3.06656
3.06656
3.06656
3.06656
3.06656
3.06656
3.06656
3.06656
3.06656
3.06656
3.06656
3.06656
3.06656
3.06656
3.06656
3.06656
3.06656
3.06656
3.06656
2.91323
2.76757
2.62919
2.49773
2.37284
2.2542
2.14149
2.03442
1.9327
1.83606
1.74426
1.65704
1.65704
1.65704
1.65704
1.65704
1.65704
1.65704
1.65704
1.65704
1.65704
1.65704
1.65704
1.65704
1.65704
1.65704
1.65704
1.65704
1.65704
1.65704
1.65704
1.65704
1.65704
1.65704
1.65704
1.65704
1.65704
1.65704
1.65704
1.65704
1.65704
1.65704
1.65704
1.65704
1.65704
1.65704
1.65704
1.65704
1.65704
1.65704
1.65704
1.65704
1.65704
1.65704
1.65704
1.65704
1.65704
1.65704
1.65704
1.65704
1.65704
1.65704
1.65704
1.65704
1.65704
1.65704
1.65704
1.65704
1.65704
1.65704
1.65704
1.65704
1.65704
1.65704
1.65704
1.65704
1.65704
1.65704
1.65704
1.65704
1.65704
1.65704
1.65704
1.65704
1.65704
1.65704
1.65704
1.65704
1.65704
1.65704
1.65704
1.65704
1.65704
1.65704
1.65704
1.65704
1.65704
1.65704
1.65704
1.65704
1.65704
1.65704
1.65704
1.65704
1.65704
1.65704
1.65704
1.65704
1.65704
1.65704
1.65704
1.65704
1.65704
1.65704
1.65704
1.65704
