8403.96
7687.39
7510.42
7470.38
7364.15
7248.93
7117.34
6988.16
6855.19
6718.93
6585.24
6450.16
6314.86
6179.94
6041.27
5906.87
5776.7
5647.06
5522.42
5398.04
5277.23
5158.52
5043.66
4928.64
4815.05
4702.44
4590.35
4520.7
4435.02
4340.39
4243.77
4145.33
4047.85
3984.27
3908.79
3827.16
3743.66
3660.36
3603.35
3536.8
3465.64
3392.6
3319.13
3267.21
3207.5
3144.38
3080.03
3015.58
2968.26
2915.22
2859.82
2803.03
2746.46
2703.9
2657.22
2608.35
2558.75
2509.22
2460.03
2421.45
2380.34
2337.66
2294.94
2252.14
2209.81
2168.13
2127.04
2086.66
2053.69
2019.48
1984.9
1950.22
1915.87
1881.87
1848.57
1815.77
1783.54
1752.03
1721.07
1690.79
1661.08
1635.38
1609.47
1586.71
1566.55
1548.54
1532.35
1517.75
1504.58
1492.71
1481.93
1472.15
1463.4
1455.43
1448.28
1441.89
1436.11
1430.94
1426.32
1422.2
1418.56
1415.32
1412.53
1410.08
1408
1406.26
1404.79
1403.63
1402.73
1402.08
1401.69
1401.49
1401.53
1401.74
1402.12
1402.71
1403.44
1404.33
1405.34
1406.49
1407.76
1409.16
1410.67
1412.27
1413.96
1415.73
1417.62
1419.56
1421.6
1423.74
1425.93
1428.15
1430.47
1432.8
1435.26
1437.71
1440.27
1442.86
1445.49
1448.17
1450.92
1453.66
1456.5
1459.32
1462.24
1465.18
1468.14
1471.11
1474.16
1477.23
1480.3
1483.44
1486.59
1489.75
1492.96
1496.18
1499.45
1502.72
1506.03
1509.32
1512.64
1516
1519.38
1522.75
1526.19
1529.59
1533.06
1536.51
1539.96
1543.5
1547.02
1550.56
1554.12
1557.65
1561.25
1564.89
1568.56
1572.19
1575.84
1579.49
1583.18
1586.84
1590.56
1594.26
1598.01
1601.71
1605.47
1609.24
1613.01
1616.8
1620.63
1624.43
1628.25
1632.1
1635.97
1639.85
1643.7
1647.57
1651.51
1655.41
1659.35
1663.28
1667.23
1671.24
1675.2
1679.18
1683.19
1687.19
1691.26
1695.26
1699.35
1703.42
1707.5
1711.55
1715.67
1719.75
1723.88
1727.98
1732.12
1736.3
1740.49
1744.7
1748.9
1753.13
1757.33
1761.6
1765.82
1770.1
1774.36
1778.63
1779.61
1777.74
1773.59
1770.32
1767.82
1765.92
1764.5
1763.54
1762.92
1762.67
1762.74
1763.06
1763.62
1764.43
1765.42
1766.64
1768
1769.55
1771.23
1773.07
1775.02
1777.09
1779.32
1781.64
1784.07
1786.61
1789.24
1791.95
1791.93
1789.57
1785.33
1781.74
1778.78
1776.35
1774.37
1772.78
1771.54
1770.65
1770.03
1769.68
1769.58
1769.69
1770.04
1770.54
1771.24
1772.11
1773.18
1774.35
1775.7
1777.14
1778.76
1780.46
1782.34
1784.24
1786.26
1788.43
1790.65
1790.63
1788.61
1784.95
1781.77
1779.07
1776.82
1774.92
1773.37
1772.13
1771.17
1770.45
1769.99
1769.69
1769.64
1769.72
1770.04
1770.48
1771.14
1771.89
1772.79
1773.83
1775.02
1776.32
1777.74
1779.24
1780.88
1782.6
1784.42
1786.35
1786.41
1784.75
1781.65
1777.24
1773.35
1769.86
1766.78
1764.03
1761.6
1759.47
1757.61
1756.01
1754.64
1753.47
1752.52
1751.77
1751.2
1750.79
1750.56
1750.48
1750.57
1750.8
1751.12
1751.63
1752.21
1752.95
1753.8
1754.74
1755.81
1756.97
1758.24
1759.59
1761
1762.56
1764.17
1765.86
1767.63
1769.47
1771.39
1771.82
1770.84
1768.67
1765.4
1762.44
1759.81
1757.44
1755.31
1753.43
1751.8
1750.35
1749.1
1748.02
1747.1
1746.39
1745.81
1745.36
1745.08
1744.94
1744.91
1745
1745.22
1745.56
1745.99
1746.53
1747.17
1747.9
1748.74
1749.65
1750.67
1751.77
1752.97
1754.23
1755.59
1757.02
1758.51
1760.06
1760.45
1759.72
1758.01
1755.38
1752.96
1750.78
1748.78
1746.98
1745.35
1743.92
1742.62
1741.5
1740.54
1739.71
1739.01
1738.44
1738
1737.67
1737.45
1737.33
1737.33
1737.42
1737.62
1737.9
1738.27
1738.75
1739.3
1739.93
1740.66
1741.44
1742.33
1743.27
1744.27
1745.36
1746.51
1747.75
1749.02
1749.39
1748.83
1747.51
1745.42
1742.66
1740.08
1737.66
1735.4
1733.3
1731.36
1729.56
1727.93
1726.4
1725.02
1723.76
1722.59
1721.56
1720.63
1719.82
1719.09
1718.49
1717.96
1717.54
1717.19
1716.95
1716.77
1716.7
1716.71
1716.8
1716.94
1717.17
1717.47
1717.86
1718.3
1718.83
1719.38
1720.01
1720.72
1721.48
1722.3
1723.18
1724.12
1725.12
1726.16
1727.26
1728.41
1729.61
1730.88
1732.18
1732.79
1732.72
1732.03
1730.73
1728.9
1727.13
1725.49
1723.94
1722.49
1721.15
1719.91
1718.76
1717.71
1716.74
1715.87
1715.08
1714.39
1713.76
1713.22
1712.76
1712.37
1712.05
1711.8
1711.61
1711.5
1711.44
1711.45
1711.52
1711.66
1711.85
1712.11
1712.42
1712.79
1713.2
1713.7
1714.23
1714.8
1715.43
1716.12
1716.86
1717.64
1718.47
1719.33
1720.27
1721.22
1722.22
1722.71
1722.69
1722.17
1721.2
1719.8
1718.46
1717.16
1715.94
1714.79
1713.72
1712.72
1711.79
1710.93
1710.14
1709.42
1708.76
1708.16
1707.61
1707.14
1706.71
1706.35
1706.05
1705.8
1705.61
1705.46
1705.36
1705.33
1705.33
1705.39
1705.49
1705.65
1705.85
1706.09
1706.39
1706.72
1707.11
1707.53
1707.99
1708.5
1709.05
1709.64
1710.27
1710.93
1711.63
1712.38
1713.16
1713.96
1714.82
1715.27
1715.34
1715.03
1714.37
1713.37
1712.06
1710.79
1709.56
1708.38
1707.24
1706.16
1705.13
1704.16
1703.24
1702.37
1701.55
1700.79
1700.06
1699.39
1698.77
1698.19
1697.64
1697.16
1696.72
1696.31
1695.95
1695.64
1695.36
1695.13
1694.93
1694.78
1694.66
1694.6
1694.56
1694.56
1694.61
1694.68
1694.79
1694.94
1695.12
1695.34
1695.58
1695.86
1696.18
1696.54
1696.91
1697.33
1697.78
1698.26
1698.76
1699.31
1699.88
1700.48
1701.11
1701.76
1702.44
1703.15
1703.89
1704.65
1705.45
1705.97
1706.2
1706.17
1705.87
1705.31
1704.52
1703.51
1702.51
1701.54
1700.6
1699.68
1698.81
1697.96
1697.15
1696.38
1695.63
1694.92
1694.25
1693.61
1693.01
1692.44
1691.9
1691.39
1690.91
1690.48
1690.07
1689.69
1689.34
1689.02
1688.74
1688.48
1688.25
1688.05
1687.88
1687.73
1687.61
1687.52
1687.46
1687.43
1687.43
1687.45
1687.49
1687.56
1687.65
1687.77
1687.92
1688.09
1688.28
1688.5
1688.75
1689.01
1689.3
1689.62
1689.96
1690.31
1690.69
1691.1
1691.53
1691.98
1692.45
1692.95
1693.47
1694.01
1694.58
1695.16
1695.76
1696.39
1697.04
1697.7
1698.18
1698.46
1698.57
1698.49
1698.23
1697.81
1697.22
1696.48
1695.75
1695.03
1694.32
1693.63
1692.97
1692.31
1691.68
1691.08
1690.49
1689.92
1689.37
1688.85
1688.35
1687.88
1687.42
1686.99
1686.57
1686.18
1685.8
1685.45
1685.12
1684.81
1684.52
1684.25
1684
1683.77
1683.57
1683.37
1683.2
1683.05
1682.92
1682.82
1682.72
1682.65
1682.6
1682.56
1682.54
1682.54
1682.56
1682.6
1682.65
1682.72
1682.81
1682.91
1683.03
1683.17
1683.33
1683.49
1683.68
1683.87
1684.1
1684.33
1684.58
1684.85
1685.13
1685.43
1685.74
1686.07
1686.41
1686.78
1687.15
1687.54
1687.94
1688.36
1688.8
1689.24
1689.71
1690.19
1690.68
1691.19
1691.71
1692.25
1692.67
1692.97
1693.15
1693.2
1693.14
1692.96
1692.68
1692.28
1691.79
1691.21
1690.62
1690.03
1689.46
1688.9
1688.35
1687.81
1687.29
1686.77
1686.27
1685.79
1685.32
1684.87
1684.42
1683.99
1683.57
1683.17
1682.78
1682.4
1682.03
1681.68
1681.34
1681.01
1680.7
1680.4
1680.1
1679.83
1679.56
1679.31
1679.07
1678.85
1678.64
1678.44
1678.25
1678.07
1677.9
1677.75
1677.61
1677.48
1677.36
1677.26
1677.17
1677.08
1677.01
1676.95
1676.9
1676.87
1676.84
1676.83
1676.82
1676.83
1676.85
1676.88
1676.92
1676.97
1677.03
1677.11
1677.19
1677.28
1677.39
1677.5
1677.63
1677.76
1677.91
1678.07
1678.23
1678.41
1678.59
1678.79
1679
1679.21
1679.44
1679.67
1679.91
1680.17
1680.43
1680.7
1680.99
1681.28
1681.59
1681.9
1682.22
1682.55
1682.89
1683.23
1683.59
1683.96
1684.34
1684.72
1685.11
1685.52
1685.93
1686.35
1686.79
1687.23
1687.6
1687.91
1688.13
1688.29
1688.37
1688.38
1688.32
1688.2
1688.02
1687.78
1687.48
1687.12
1686.77
1686.41
1686.06
1685.71
1685.38
1685.05
1684.72
1684.4
1684.09
1683.79
1683.49
1683.2
1682.92
1682.64
1682.37
1682.11
1681.86
1681.61
1681.37
1681.14
1680.91
1680.69
1680.48
1680.27
1680.07
1679.88
1679.7
1679.52
1679.36
1679.19
1679.04
1678.89
1678.75
1678.62
1678.49
1678.37
1678.25
1678.15
1678.04
1677.95
1677.86
1677.78
1677.71
1677.64
1677.58
1677.53
1677.48
1677.44
1677.4
1677.37
1677.35
1677.34
1677.33
1677.33
1677.33
1677.34
1677.36
1677.38
1677.41
1677.44
1677.48
1677.53
1677.58
1677.64
1677.7
1677.77
1677.85
1677.93
1678.02
1678.11
1678.21
1678.31
1678.42
1678.54
1678.66
1678.79
1678.92
1679.06
1679.2
1679.35
1679.51
1679.67
1679.84
1680.01
1680.19
1680.37
1680.56
1680.76
1680.95
1681.16
1681.36
1681.58
1681.8
1682.03
1682.26
1682.49
1682.73
1682.98
1683.23
1683.49
1683.75
1684.02
1684.29
